6.18463134765625
4.76200866699219
4.74153137207031
4.24488830566406
4.14801025390625
4.67794799804688
5.08360290527344
4.62428283691406
4.09478759765625
4.46665954589844
2.96611022949219
3.98553466796875
3.86392211914062
4.41786193847656
3.82028198242188
4.51223754882812
4.33596801757812
5.02613830566406
4.18106079101562
4.19932556152344
4.46160888671875
5.70773315429688
5.10801696777344
4.67218017578125
5.38862609863281
5.14060974121094
5.36358642578125
5.16888427734375
5.14689636230469
4.59593200683594
7.78097534179688
5.72872924804688
4.66775512695312
5.57815551757812
5.45730590820312
4.63450622558594
4.78390502929688
5.77159118652344
4.3978271484375
4.73663330078125
5.53948974609375
5.27615356445312
6.34611511230469
5.57008361816406
5.19107055664062
3.98915100097656
6.54623413085938
7.4447021484375
7.12515258789062
6.63787841796875
5.37007141113281
6.32170104980469
5.31489562988281
5.14009094238281
4.99232482910156
4.65255737304688
4.59686279296875
8.24818420410156
6.76316833496094
5.74896240234375
6.57009887695312
4.68597412109375
5.31398010253906
5.21688842773438
4.75221252441406
4.37680053710938
3.84083557128906
